cursorA position(pxls): 22.000000 
cursorB position(pxls): 244.000000 
micrometer pos1(mm): 4.560000 
micrometer pos2(mm): 6.340000 
calibration coff(fs/pxls) :53.453453 
pulsewidth on CCD(pxls): 428.419848 
autocorrelation pulsewidth: 22900.520430 
guassian pulsewidth: 16195.559002 
sech^2 pulsewidth: 14774.529309 
-----------------------------------------------------
 Following is curve data 
-----------------------------------------------------
    Pixels                Intensity 
                                                 
     0                    0.000    
     1                    0.000    
     2                    0.000    
     3                    0.000    
     4                    0.000    
     5                    0.000    
     6                    0.000    
     7                    8.500    
     8                    84.500    
     9                    229.000    
     10                    304.000    
     11                    285.500    
     12                    277.000    
     13                    298.500    
     14                    332.500    
     15                    363.500    
     16                    384.500    
     17                    368.000    
     18                    337.000    
     19                    333.000    
     20                    331.000    
     21                    347.500    
     22                    373.500    
     23                    416.500    
     24                    418.000    
     25                    369.000    
     26                    328.000    
     27                    299.000    
     28                    302.500    
     29                    301.000    
     30                    299.500    
     31                    304.500    
     32                    329.500    
     33                    359.000    
     34                    364.000    
     35                    353.500    
     36                    359.000    
     37                    394.000    
     38                    404.500    
     39                    397.000    
     40                    369.000    
     41                    333.000    
     42                    325.500    
     43                    352.500    
     44                    369.000    
     45                    333.000    
     46                    280.000    
     47                    272.000    
     48                    313.000    
     49                    341.500    
     50                    377.500    
     51                    395.500    
     52                    388.000    
     53                    355.500    
     54                    330.000    
     55                    353.500    
     56                    374.500    
     57                    394.000    
     58                    404.500    
     59                    408.000    
     60                    390.000    
     61                    373.000    
     62                    368.500    
     63                    378.000    
     64                    391.000    
     65                    379.000    
     66                    370.500    
     67                    367.000    
     68                    392.000    
     69                    415.000    
     70                    444.000    
     71                    458.500    
     72                    438.500    
     73                    413.000    
     74                    368.500    
     75                    337.000    
     76                    305.000    
     77                    284.500    
     78                    304.500    
     79                    346.500    
     80                    375.000    
     81                    387.000    
     82                    365.500    
     83                    351.500    
     84                    368.000    
     85                    365.000    
     86                    350.500    
     87                    324.000    
     88                    335.500    
     89                    355.000    
     90                    377.500    
     91                    414.500    
     92                    421.000    
     93                    408.000    
     94                    359.500    
     95                    342.500    
     96                    351.500    
     97                    346.000    
     98                    338.500    
     99                    330.500    
     100                    338.000    
     101                    333.500    
     102                    315.500    
     103                    299.500    
     104                    295.500    
     105                    302.500    
     106                    336.500    
     107                    395.000    
     108                    415.000    
     109                    394.500    
     110                    365.500    
     111                    367.000    
     112                    359.500    
     113                    338.000    
     114                    332.000    
     115                    338.000    
     116                    354.500    
     117                    346.000    
     118                    332.500    
     119                    337.000    
     120                    340.500    
     121                    320.500    
     122                    305.000    
     123                    323.000    
     124                    368.000    
     125                    380.500    
     126                    358.500    
     127                    325.500    
     128                    273.000    
     129                    248.500    
     130                    260.000    
     131                    283.000    
     132                    289.000    
     133                    298.000    
     134                    334.000    
     135                    357.500    
     136                    365.500    
     137                    350.500    
     138                    338.000    
     139                    335.000    
     140                    331.000    
     141                    314.500    
     142                    289.000    
     143                    266.500    
     144                    259.000    
     145                    283.500    
     146                    302.500    
     147                    320.000    
     148                    317.000    
     149                    321.500    
     150                    332.000    
     151                    325.000    
     152                    328.000    
     153                    335.500    
     154                    335.500    
     155                    307.000    
     156                    283.500    
     157                    295.500    
     158                    332.500    
     159                    335.000    
     160                    308.500    
     161                    303.000    
     162                    317.500    
     163                    325.000    
     164                    305.500    
     165                    294.500    
     166                    298.000    
     167                    302.500    
     168                    305.500    
     169                    313.500    
     170                    307.000    
     171                    305.000    
     172                    302.500    
     173                    282.000    
     174                    275.500    
     175                    279.500    
     176                    311.000    
     177                    315.500    
     178                    294.500    
     179                    284.000    
     180                    277.000    
     181                    282.000    
     182                    284.500    
     183                    300.500    
     184                    309.500    
     185                    307.000    
     186                    304.500    
     187                    316.500    
     188                    327.000    
     189                    315.000    
     190                    298.000    
     191                    293.500    
     192                    334.000    
     193                    367.000    
     194                    362.500    
     195                    316.000    
     196                    282.000    
     197                    282.000    
     198                    282.000    
     199                    274.500    
     200                    253.500    
     201                    260.500    
     202                    279.500    
     203                    284.500    
     204                    258.000    
     205                    236.500    
     206                    228.500    
     207                    231.500    
     208                    268.000    
     209                    297.000    
     210                    312.000    
     211                    298.000    
     212                    294.500    
     213                    305.500    
     214                    330.000    
     215                    337.000    
     216                    317.000    
     217                    306.500    
     218                    278.500    
     219                    273.000    
     220                    274.500    
     221                    296.500    
     222                    329.500    
     223                    338.500    
     224                    328.000    
     225                    324.000    
     226                    329.500    
     227                    322.000    
     228                    315.000    
     229                    311.500    
     230                    322.000    
     231                    327.000    
     232                    322.500    
     233                    304.500    
     234                    275.500    
     235                    266.500    
     236                    280.000    
     237                    308.000    
     238                    320.000    
     239                    305.000    
     240                    264.500    
     241                    251.000    
     242                    272.500    
     243                    308.500    
     244                    325.000    
     245                    307.000    
     246                    300.500    
     247                    296.000    
     248                    302.500    
     249                    302.500    
     250                    300.500    
     251                    284.500    
     252                    269.500    
     253                    285.500    
     254                    304.000    
     255                    319.500    
     256                    324.000    
     257                    327.000    
     258                    310.500    
     259                    298.000    
     260                    294.500    
     261                    298.000    
     262                    295.000    
     263                    280.000    
     264                    304.000    
     265                    326.000    
     266                    323.000    
     267                    274.000    
     268                    227.500    
     269                    230.500    
     270                    260.500    
     271                    301.000    
     272                    316.500    
     273                    310.500    
     274                    315.000    
     275                    349.500    
     276                    355.000    
     277                    343.000    
     278                    304.000    
     279                    272.000    
     280                    252.500    
     281                    233.500    
     282                    266.500    
     283                    290.000    
     284                    320.000    
     285                    329.000    
     286                    308.500    
     287                    291.000    
     288                    289.000    
     289                    298.000    
     290                    297.000    
     291                    319.500    
     292                    342.000    
     293                    328.500    
     294                    287.500    
     295                    275.000    
     296                    284.500    
     297                    289.000    
     298                    292.000    
     299                    296.500    
     300                    305.500    
     301                    274.500    
     302                    253.000    
     303                    266.500    
     304                    301.000    
     305                    332.500    
     306                    327.000    
     307                    310.000    
     308                    296.000    
     309                    317.500    
     310                    346.500    
     311                    355.000    
     312                    330.500    
     313                    319.000    
     314                    332.500    
     315                    345.500    
     316                    351.500    
     317                    321.500    
     318                    296.000    
     319                    277.000    
     320                    289.500    
     321                    295.000    
     322                    285.500    
     323                    290.000    
     324                    295.000    
     325                    297.000    
     326                    280.500    
     327                    284.500    
     328                    287.000    
     329                    287.000    
     330                    288.500    
     331                    312.500    
     332                    341.000    
     333                    333.500    
     334                    318.500    
     335                    318.500    
     336                    344.500    
     337                    360.000    
     338                    361.000    
     339                    366.500    
     340                    380.500    
     341                    383.500    
     342                    366.500    
     343                    345.500    
     344                    326.500    
     345                    322.500    
     346                    316.500    
     347                    309.000    
     348                    294.000    
     349                    282.000    
     350                    293.500    
     351                    305.000    
     352                    317.500    
     353                    310.500    
     354                    298.500    
     355                    295.500    
     356                    303.000    
     357                    319.500    
     358                    325.500    
     359                    329.500    
     360                    317.500    
     361                    304.000    
     362                    308.000    
     363                    310.000    
     364                    305.500    
     365                    308.500    
     366                    315.000    
     367                    317.500    
     368                    293.000    
     369                    267.500    
     370                    281.000    
     371                    314.500    
     372                    331.500    
     373                    308.500    
     374                    290.500    
     375                    298.500    
     376                    325.500    
     377                    345.000    
     378                    349.000    
     379                    341.500    
     380                    319.500    
     381                    301.500    
     382                    278.500    
     383                    269.000    
     384                    285.500    
     385                    334.000    
     386                    374.500    
     387                    379.000    
     388                    369.000    
     389                    352.500    
     390                    352.000    
     391                    341.000    
     392                    331.000    
     393                    325.500    
     394                    319.000    
     395                    311.000    
     396                    292.000    
     397                    292.500    
     398                    304.500    
     399                    315.000    
     400                    324.000    
     401                    346.500    
     402                    355.500    
     403                    346.500    
     404                    330.000    
     405                    312.000    
     406                    296.500    
     407                    286.000    
     408                    303.000    
     409                    308.500    
     410                    314.000    
     411                    341.500    
     412                    389.500    
     413                    401.500    
     414                    361.500    
     415                    331.500    
     416                    317.500    
     417                    319.000    
     418                    328.500    
     419                    358.000    
     420                    377.000    
     421                    372.500    
     422                    351.500    
     423                    339.500    
     424                    336.500    
     425                    326.500    
     426                    349.500    
     427                    337.500    
     428                    314.500    
     429                    300.500    
     430                    307.000    
     431                    334.500    
     432                    341.500    
     433                    359.000    
     434                    353.500    
     435                    349.500    
     436                    354.000    
     437                    370.000    
     438                    368.000    
     439                    339.500    
     440                    324.500    
     441                    325.000    
     442                    339.000    
     443                    334.000    
     444                    323.500    
     445                    313.000    
     446                    323.500    
     447                    328.000    
     448                    314.500    
     449                    302.500    
     450                    310.000    
     451                    337.000    
     452                    367.000    
     453                    388.500    
     454                    366.000    
     455                    339.000    
     456                    325.000    
     457                    328.000    
     458                    344.500    
     459                    360.500    
     460                    356.500    
     461                    336.000    
     462                    344.500    
     463                    370.000    
     464                    370.500    
     465                    333.000    
     466                    314.500    
     467                    322.000    
     468                    334.000    
     469                    358.000    
     470                    372.000    
     471                    396.000    
     472                    408.000    
     473                    400.000    
     474                    366.500    
     475                    336.500    
     476                    358.000    
     477                    403.500    
     478                    427.000    
     479                    410.000    
     480                    407.500    
     481                    396.000    
     482                    361.500    
     483                    313.500    
     484                    307.000    
     485                    353.000    
     486                    371.500    
     487                    367.000    
     488                    367.000    
     489                    381.000    
     490                    394.000    
     491                    410.500    
     492                    426.000    
     493                    432.000    
     494                    390.000    
     495                    340.000    
     496                    336.500    
     497                    344.000    
     498                    355.000    
     499                    348.000    
     500                    346.500    
     501                    357.000    
     502                    364.500    
     503                    381.000    
     504                    390.000    
     505                    388.500    
     506                    378.000    
     507                    370.000    
     508                    367.000    
     509                    368.500    
     510                    368.000    
     511                    362.500    
     512                    348.000    
     513                    346.000    
     514                    368.000    
     515                    392.500    
     516                    402.000    
     517                    388.500    
     518                    382.000    
     519                    369.500    
     520                    362.500    
     521                    359.500    
     522                    368.000    
     523                    390.500    
     524                    392.000    
     525                    379.000    
     526                    362.500    
     527                    377.500    
     528                    388.500    
     529                    388.000    
     530                    375.500    
     531                    363.500    
     532                    369.500    
     533                    373.000    
     534                    385.500    
     535                    391.000    
     536                    395.500    
     537                    390.000    
     538                    361.000    
     539                    332.500    
     540                    334.500    
     541                    352.000    
     542                    359.000    
     543                    356.500    
     544                    356.500    
     545                    362.000    
     546                    360.500    
     547                    362.500    
     548                    382.000    
     549                    409.000    
     550                    415.500    
     551                    405.000    
     552                    411.000    
     553                    427.000    
     554                    428.000    
     555                    392.000    
     556                    368.000    
     557                    382.000    
     558                    403.500    
     559                    416.500    
     560                    418.000    
     561                    418.500    
     562                    394.500    
     563                    391.500    
     564                    409.500    
     565                    415.500    
     566                    400.500    
     567                    373.500    
     568                    385.000    
     569                    416.500    
     570                    442.500    
     571                    426.000    
     572                    401.500    
     573                    395.000    
     574                    405.500    
     575                    419.000    
     576                    407.500    
     577                    389.500    
     578                    380.000    
     579                    395.500    
     580                    409.000    
     581                    413.000    
     582                    398.500    
     583                    397.000    
     584                    389.500    
     585                    365.500    
     586                    366.500    
     587                    380.500    
     588                    422.500    
     589                    452.000    
     590                    458.000    
     591                    437.000    
     592                    420.500    
     593                    424.000    
     594                    421.000    
     595                    419.000    
     596                    405.500    
     597                    413.000    
     598                    408.500    
     599                    386.000    
     600                    362.500    
     601                    364.000    
     602                    395.000    
     603                    424.000    
     604                    439.500    
     605                    431.500    
     606                    434.000    
     607                    431.000    
     608                    427.000    
     609                    417.000    
     610                    421.500    
     611                    419.500    
     612                    397.000    
     613                    380.500    
     614                    375.500    
     615                    407.000    
     616                    409.000    
     617                    401.500    
     618                    416.000    
     619                    432.500    
     620                    444.500    
     621                    438.500    
     622                    440.000    
     623                    439.000    
     624                    433.500    
     625                    408.000    
     626                    373.500    
     627                    347.500    
     628                    357.500    
     629                    393.500    
     630                    415.000    
     631                    427.500    
     632                    412.000    
     633                    404.500    
     634                    402.000    
     635                    404.500    
     636                    394.000    
     637                    402.000    
     638                    428.500    
     639                    430.000    
     640                    431.500    
     641                    432.500    
     642                    453.500    
     643                    461.000    
     644                    458.500    
     645                    452.500    
     646                    440.000    
     647                    440.500    
     648                    445.000    
     649                    453.500    
     650                    443.000    
     651                    431.000    
     652                    431.500    
     653                    439.000    
     654                    443.500    
     655                    415.000    
     656                    389.500    
     657                    390.000    
     658                    413.500    
     659                    431.500    
     660                    436.000    
     661                    428.500    
     662                    397.500    
     663                    358.000    
     664                    346.000    
     665                    377.500    
     666                    419.000    
     667                    438.500    
     668                    426.500    
     669                    419.000    
     670                    421.000    
     671                    448.000    
     672                    462.500    
     673                    459.500    
     674                    462.500    
     675                    457.000    
     676                    449.500    
     677                    418.000    
     678                    402.000    
     679                    400.000    
     680                    406.000    
     681                    414.000    
     682                    431.500    
     683                    460.000    
     684                    468.000    
     685                    455.500    
     686                    440.000    
     687                    455.000    
     688                    454.000    
     689                    415.000    
     690                    367.000    
     691                    361.500    
     692                    379.500    
     693                    381.000    
     694                    394.000    
     695                    399.500    
     696                    404.000    
     697                    408.500    
     698                    410.000    
     699                    408.500    
     700                    406.000    
     701                    428.500    
     702                    458.000    
     703                    459.500    
     704                    416.500    
     705                    379.500    
     706                    376.500    
     707                    416.500    
     708                    442.000    
     709                    321.000    
     710                    121.000    
     711                    14.500    
     712                    0.000    
     713                    0.000    
     714                    0.000    
     715                    0.000    
     716                    0.000    
     717                    0.000    
     718                    0.000    
     719                    0.000    
